169
155
173
158
135
196
175
158
171
153
154
181
176
180
203
204
221
253
213
227
167
214
164
208
157
169
190
171
164
157
154
192
217
173
166
185
199
183
153
175
171
213
196
161
173
164
197
176
275
176
238
189
203
167
181
175
186
188
206
190
196
183
171
207
193
206
160
154
166
178
164
198
181
243
149
235
164
183
148
261
158
175
174
184
209
172
180
186
205
214
184
150
197
186
151
171
253
177
203
165
183
178
188
166
149
180
175
173
204
185
184
189
197
178
173
182
177
258
155
224
215
189
191
191
157
188
163
163
180
195
181
206
182
174
184
188
206
168
225
158
186
170
183
164
182
152
203
174
179
183
169
206
198
214
182
175
179
200
175
197
191
206
158
192
191
176
173
194
160
159
187
179
221
197
277
178
241
180
207
212
164
182
179
169
187
188
164
199
153
160
186
247
203
218
189
200
184
220
184
158
180
192
228
173
206
214
235
206
232
198
195
167
172
199
183
177
173
210
184
175
168
193
210
273
176
267
169
209
175
194
195
181
192
183
159
166
207
223
237
173
247
177
222
198
188
194
171
184
191
188
206
161
200
193
219
232
179
214
225
181
173
187
172
192
162
196
196
180
214
175
252
191
224
217
181
201
177
203
188
184
189
165
179
221
186
255
157
209
207
195
217
187
196
193
200
194
246
174
216
210
234
196
201
218
186
159
171
169
194
186
178
170
178
249
186
195
201
217
218
164
166
190
204
190
189
186
231
201
242
174
197
214
182
160
210
177
195
178
177
197
199
247
208
212
152
206
198
190
179
183
223
164
170
201
251
175
274
183
198
197
175
219
184
183
202
189
196
197
167
260
177
222
177
190
206
185
191
185
201
193
167
171
210
190
192
183
206
190
170
201
175
213
188
166
255
224
189
277
194
208
197
195
186
207
222
181
175
197
203
212
268
167
183
194
193
184
192
194
190
211
201
165
182
269
192
178
214
183
186
200
186
196
227
241
201
196
251
250
185
226
191
194
165
194
231
202
206
245
205
171
195
208
175
192
209
201
180
173
220
209
244
197
180
182
208
187
196
183
185
226
202
249
173
254
199
246
206
150
177
212
194
186
172
196
198
212
242
192
196
223
198
172
177
207
199
195
192
334
187
233
194
190
171
174
216
182
231
203
248
190
207
201
207
194
184
187
159
213
188
228
195
265
188
208
238
190
174
168
170
223
211
215
256
186
255
201
171
194
188
211
212
231
209
270
214
218
195
206
187
190
184
218
202
221
233
175
241
201
223
255
177
184
195
203
189
217
171
212
185
280
206
170
165
206
211
170
284
168
228
171
190
169
171
179
174
192
220
269
174
229
221
185
166
185
237
212
248
186
263
211
215
201
198
194
201
204
201
212
214
183
208
167
193
169
191
214
234
195
274
221
197
166
188
226
167
217
203
244
253
210
216
188
211
225
224
222
239
200
282
174
195
204
180
184
200
261
192
235
182
220
185
207
190
204
227
193
277
202
204
179
189
182
203
200
199
253
206
211
192
196
213
211
200
214
224
180
191
230
194
204
232
190
217
241
236
187
207
215
188
213
286
222
261
201
181
191
208
218
228
207
177
233
194
217
168
194
223
218
266
191
210
224
173
196
204
217
236
276
198
226
172
206
199
209
212
197
242
228
215
188
208
207
210
213
217
227
232
208
185
204
185
183
290
198
168
207
187
191
199
219
224
273
203
198
217
228
172
216
266
213
247
223
214
192
212
268
202
238
192
216
203
207
220
189
230
190
198
209
215
218
216
280
195
222
204
213
191
208
204
203
230
206
192
233
221
227
180
227
234
213
206
209
190
207
262
196
215
203
209
207
201
272
186
226
219
221
238
256
262
203
199
231
222
227
219
290
220
228
191
218
220
223
244
210
245
209
239
211
206
225
193
270
173
181
260
233
228
214
195
201
200
207
215
278
228
252
206
220
236
209
281
203
202
203
209
210
222
223
196
248
211
241
251
225
225
248
184
217
201
276
196
207
199
240
186
225
229
190
233
201
218
264
203
257
193
210
232
219
248
206
215
195
241
219
206
275
224
213
210
226
266
226
218
215
214
193
234
255
187
215
216
203
268
203
227
215
213
226
217
301
209
229
212
230
193
209
246
242
215
192
212
245
196
236
239
230
220
235
260
213
185
228
205
244
202
224
218
200
242
224
275
212
210
200
253
274
234
253
206
213
199
212
245
213
237
223
217
250
213
195
206
213
276
218
231
203
205
236
239
241
257
203
199
213
278
203
231
211
199
215
