netns = 50
315
360
325
422
347
385
379
383
342
316
390
361
362
316
372
394
378
361
373
319
407
347
341
334
374
332
383
376
353
339
381
398
381
340
306
329
344
395
356
389
378
404
340
402
334
367
354
365
370
330
396
368
384
383
348
388
424
325
354
324
384
370
369
368
377
345
390
399
367
355
371
348
344
426
344
427
366
321
371
311
407
343
342
354
356
383
367
331
387
385
377
328
333
358
344
363
365
387
341
403
363
350
368
339
369
392
353
358
351
395
395
428
361
346
346
366
394
386
392
371
400
404
357
350
352
393
340
358
382
392
397
353
427
374
375
343
403
367
334
378
374
370
421
405
384
330
359
365
386
438
398
364
392
379
374
379
364
377
333
393
347
383
343
395
378
436
376
376
391
428
388
358
347
384
343
409
412
409
348
393
368
371
391
357
416
411
393
379
380
367
407
440
349
487
391
379
368
417
394
406
414
404
371
365
358
390
376
417
380
407
359
394
390
372
394
364
452
393
387
406
359
442
363
417
390
383
387
360
367
346
409
359
369
332
348
372
402
409
350
435
350
377
399
363
392
392
429
330
349
371
395
412
410
359
413
364
404
389
392
378
394
357
355
428
329
384
348
367
366
384
374
353
404
377
394
402
415
390
379
425
342
366
346
399
387
342
375
358
351
371
395
418
367
363
394
393
436
391
399
378
429
384
391
414
381
375
366
382
418
390
351
396
387
408
415
424
348
386
398
389
455
361
358
391
387
408
379
417
363
374
451
356
395
378
384
382
404
418
380
351
404
352
427
383
366
435
375
482
391
388
382
351
414
340
377
400
377
416
447
363
421
378
445
379
405
389
412
384
372
399
394
415
390
403
421
380
391
365
386
455
378
365
399
371
454
392
394
392
403
437
387
406
425
378
423
399
369
420
388
448
385
385
395
387
457
371
386
454
427
442
385
380
383
381
400
387
428
369
380
454
409
404
403
394
446
417
425
368
392
423
389
417
419
387
419
372
377
391
399
376
426
403
422
403
358
381
376
393
388
375
425
380
455
397
420
387
385
434
372
359
447
406
415
421
394
432
400
392
404
379
491
408
412
409
447
450
366
406
374
397
407
439
382
459
386
385
450
382
427
405
466
394
438
408
381
398
423
422
392
442
431
456
440
435
475
386
402
367
399
399
415
389
377
409
422
380
397
456
410
389
423
425
426
365
429
491
408
390
382
379
414
424
398
471
380
365
392
406
428
386
429
440
380
412
431
401
419
426
391
433
410
395
381
428
499
404
438
377
398
387
380
398
446
422
394
441
401
437
405
394
438
389
426
431
385
417
397
424
412
443
404
453
376
416
407
408
459
430
391
386
400
387
447
455
401
412
376
409
387
384
482
395
416
449
392
427
409
435
435
397
392
525
410
396
467
430
412
417
418
436
427
452
418
385
387
439
418
391
439
407
416
427
420
439
410
405
438
423
397
403
403
414
433
386
443
406
412
468
415
424
412
378
411
411
433
434
447
407
489
428
414
471
392
424
424
404
473
388
469
425
426
395
462
425
385
405
402
431
470
416
407
444
432
418
401
424
393
395
413
440
438
398
439
414
412
470
382
405
439
417
384
433
430
428
398
420
419
418
417
448
414
425
489
428
447
468
422
423
461
452
437
414
441
430
421
423
417
431
406
452
431
413
441
404
399
468
463
417
421
417
420
471
419
405
454
417
421
423
470
422
423
440
423
470
413
436
427
406
491
427
382
443
414
444
457
404
438
451
453
438
434
401
457
468
440
414
469
439
438
460
411
416
423
431
418
430
431
439
449
419
408
424
410
451
410
419
459
427
451
424
444
440
421
470
425
424
451
436
480
418
414
430
425
455
453
438
453
432
486
419
421
403
438
437
417
442
423
416
451
416
408
487
438
418
462
415
430
489
407
435
444
447
459
473
456
461
493
437
432
467
435
434
429
424
472
433
423
426
388
443
466
439
500
430
499
468
413
423
420
451
436
480
476
444
411
457
450
474
418
424
464
457
462
460
444
421
426
439
413
443
441
442
438
475
465
459
469
420
433
475
418
408
495
410
430
505
443
450
473
447
420
440
444
470
435
429
422
429
460
451
432
463
439
434
480
426
468
432
440
434
425
426
407
435
501
418
410
512
444
433
477
463
503
461
471
433
418
438
412
417
492
442
451
451
461
433
428
430
441
457
443
434
474
474
432
435
472
428
449
479
462
417
430
432
446
434
445
471
474
444
491
429
416
491
457
456
451
427
454
465
493
433
448
467
470
420
517
446
459
454
