612
652
627
647
582
601
645
603
607
587
575
618
608
608
602
591
635
611
654
600
587
601
599
621
575
617
596
614
802
629
612
674
605
662
594
595
636
595
608
559
611
575
630
573
633
564
629
614
677
633
633
618
620
624
580
624
581
618
574
582
561
660
633
613
599
635
562
649
639
599
603
591
633
579
635
565
670
589
669
625
635
598
651
588
624
604
632
611
557
615
614
606
610
647
591
712
598
669
580
606
609
637
641
580
604
551
607
565
587
620
709
596
617
601
598
625
600
602
915
575
553
593
592
657
572
584
584
623
567
613
556
1050
611
976
570
576
591
590
603
648
608
652
636
1054
942
1020
613
605
592
572
608
600
564
572
1009
596
607
645
523
1023
560
607
680
590
595
595
600
598
582
579
618
596
664
623
629
613
635
569
612
605
615
667
613
602
585
591
597
624
627
728
1067
856
592
602
604
593
596
592
630
592
675
586
608
606
655
601
635
602
623
622
796
577
596
619
585
590
821
1036
551
631
579
651
602
610
585
607
598
601
588
599
649
583
619
609
682
596
635
590
566
656
578
607
617
1035
599
656
593
653
648
621
955
803
587
616
622
599
650
566
588
573
597
579
645
585
673
590
654
629
628
595
625
653
624
585
611
589
589
573
597
676
639
617
608
656
606
610
630
596
601
616
609
569
588
615
618
612
636
604
669
572
617
605
604
574
633
601
558
603
604
626
575
608
626
698
591
623
613
604
561
1048
568
590
573
597
566
616
570
586
650
572
633
602
588
605
635
596
1077
556
1002
543
545
615
549
606
584
700
618
630
589
619
602
587
589
582
615
591
613
585
639
636
644
607
622
636
628
624
607
624
601
590
591
605
597
563
584
617
240
645
580
625
620
627
596
611
599
564
675
616
636
609
576
611
626
654
623
543
589
600
598
616
560
564
592
629
606
645
615
607
600
631
568
592
610
610
600
588
605
618
576
621
671
659
666
618
630
617
618
617
585
558
596
603
592
610
574
647
603
615
622
609
593
625
593
635
581
604
600
590
607
630
552
591
641
643
638
613
628
605
657
597
590
617
633
622
602
584
623
599
575
621
610
673
639
601
582
671
540
539
626
583
649
585
603
605
643
566
707
557
622
587
614
624
566
589
611
1076
680
609
599
619
604
602
594
662
578
633
579
592
592
613
596
639
593
560
607
612
594
-1482290015908
1003
1008
578
632
663
611
643
661
604
597
599
594
559
616
588
616
615
582
637
663
582
579
563
888
618
592
597
565
626
590
833
1042
573
607
650
738
641
594
858
594
618
618
571
561
593
593
630
590
611
643
649
675
584
590
669
638
602
613
620
596
589
596
594
606
605
613
655
608
604
885
590
635
606
611
632
587
613
564
577
557
567
693
581
673
626
632
632
583
634
699
989
599
599
587
608
617
722
573
685
571
622
567
598
899
558
597
568
1030
611
591
591
685
559
691
569
627
649
623
598
597
626
619
590
571
570
601
594
600
612
634
613
592
611
599
589
606
594
596
624
576
602
600
620
592
587
602
642
675
609
628
601
611
613
587
596
597
616
586
541
603
639
607
622
578
595
579
577
578
571
603
591
594
583
628
602
650
608
699
583
641
595
620
641
627
656
603
646
616
573
580
582
623
557
614
640
577
629
601
608
597
664
603
584
665
597
670
631
637
571
654
582
1063
577
586
589
597
627
630
581
557
601
607
614
538
636
616
656
608
587
560
644
636
594
575
578
582
816
567
595
590
598
685
582
814
601
673
621
601
652
613
614
622
602
578
608
577
609
554
596
594
578
627
634
559
641
621
600
583
757
616
606
625
566
612
627
700
564
670
581
638
618
655
595
580
585
573
1056
568
603
555
676
652
674
578
644
595
627
587
618
560
635
604
603
580
627
592
585
683
589
677
617
640
826
637
602
562
607
559
593
601
721
588
536
625
970
578
616
596
604
640
587
593
568
804
604
662
561
636
602
676
629
660
579
607
626
595
640
600
571
569
607
612
585
684
606
1058
613
574
604
559
587
604
581
582
560
1041
624
608
598
648
608
611
587
1035
548
588
586
595
613
551
631
574
600
602
712
529
612
922
602
629
862
948
592
584
601
588
581
624
594
649
572
740
596
599
599
638
625
602
599
616
586
581
649
582
610
612
623
600
651
623
623
662
630
592
593
615
606
638
596
622
566
708
613
624
617
604
598
613
668
580
627
608
606
583
611
615
843
611
665
568
607
574
601
560
600
595
619
599
580
569
605
582
631
609
597
645
604
637
615
649
602
615
607
600
938
908
568
626
604
600
582
593
