netns = 75
605
660
618
604
576
621
575
537
624
625
629
645
615
656
673
601
638
554
639
590
562
572
587
674
645
632
609
577
642
582
546
572
603
603
620
606
651
593
644
647
643
617
655
602
629
632
596
590
597
613
698
573
635
625
631
584
636
584
724
589
620
656
609
673
610
590
613
699
770
683
682
632
655
651
617
578
555
669
715
657
638
625
657
579
662
706
705
618
677
607
597
588
700
615
730
722
621
636
674
655
644
618
668
650
691
674
606
597
681
609
654
589
694
634
721
617
649
599
697
657
597
632
616
648
592
648
586
665
657
648
614
616
606
666
630
662
628
596
588
652
644
665
654
666
624
657
677
651
669
636
626
624
622
549
666
658
632
563
659
531
725
629
566
680
627
659
696
583
623
574
633
701
652
649
627
694
675
692
617
676
611
704
616
588
613
684
676
646
626
643
567
634
702
622
646
639
606
573
635
600
651
705
602
653
706
655
649
635
663
678
642
667
671
648
654
568
609
621
662
663
604
620
690
639
621
626
671
662
564
606
701
691
683
606
685
570
671
658
648
680
675
568
596
685
664
670
683
707
608
635
638
572
667
685
634
621
592
669
598
668
597
670
609
620
747
625
625
695
597
693
720
659
660
579
651
690
687
664
628
598
670
659
602
674
685
677
552
636
669
641
693
683
621
633
706
556
612
703
664
676
656
678
684
668
747
692
644
649
646
618
619
624
613
672
609
714
693
655
671
610
687
655
607
692
626
570
548
663
692
633
675
688
682
723
668
648
740
679
644
686
677
603
571
602
650
607
555
630
602
608
657
752
663
663
635
632
634
620
619
633
687
761
602
670
635
750
633
665
599
696
686
647
587
742
613
729
659
676
687
660
692
606
601
699
636
674
712
646
608
592
671
662
674
672
622
709
691
612
705
649
623
616
740
663
681
692
649
638
621
625
639
605
577
627
563
610
720
669
677
715
678
616
595
733
713
682
647
657
645
700
671
635
657
681
702
685
624
659
678
669
557
723
695
732
616
700
729
677
716
598
665
700
619
678
670
722
644
720
682
592
639
697
639
656
654
603
615
665
696
685
710
667
637
636
648
695
647
694
612
606
704
618
652
645
633
680
693
719
701
656
676
694
569
665
643
661
639
726
673
659
554
653
658
634
741
576
678
675
682
670
664
646
707
628
654
670
659
657
753
678
626
636
705
653
666
604
719
661
667
699
708
628
633
667
592
628
660
687
626
655
640
670
657
640
724
708
665
671
686
651
699
698
722
657
649
644
708
661
696
654
581
656
679
682
611
681
660
713
634
684
702
650
621
654
702
687
668
674
612
739
626
629
705
649
676
720
666
601
716
722
712
674
598
691
697
667
655
719
673
590
641
634
669
725
638
682
673
646
633
639
715
674
735
657
641
648
634
658
658
703
629
676
657
635
689
674
641
758
645
649
656
683
658
658
642
653
647
650
618
720
644
635
734
727
678
693
637
666
735
633
601
664
672
686
665
628
701
711
684
671
692
638
625
725
637
680
681
663
656
653
668
614
620
669
651
620
701
772
657
689
646
642
765
695
688
659
698
680
643
621
711
718
718
628
652
687
689
646
656
711
738
706
643
636
674
661
615
624
677
699
682
631
656
643
718
621
654
738
692
661
746
636
679
687
630
655
671
729
660
695
703
667
722
669
665
659
681
647
671
629
726
696
659
671
627
754
713
711
697
688
772
658
681
728
714
680
682
708
673
663
732
677
665
748
693
687
616
706
721
668
690
624
734
720
622
691
674
706
661
655
627
648
691
725
701
624
715
824
687
645
675
619
677
740
653
660
629
723
723
659
760
614
766
654
714
660
631
837
686
639
636
700
717
692
678
692
745
673
726
755
660
773
720
741
646
679
701
637
724
694
647
661
684
688
697
645
693
632
674
743
721
653
653
707
687
691
679
684
648
707
748
674
671
683
702
689
675
700
658
642
833
715
637
641
730
675
714
717
722
723
660
729
742
719
676
758
704
700
690
732
671
700
705
761
671
704
678
673
721
719
748
678
716
669
738
770
634
694
710
726
697
642
706
654
668
733
684
651
651
662
710
749
740
722
716
671
715
735
706
676
694
683
739
687
703
727
680
751
717
737
650
750
679
714
729
805
651
694
680
690
721
736
665
694
683
713
708
761
665
698
674
713
752
743
667
710
655
682
707
758
709
686
685
689
714
719
709
731
681
646
711
789
673
708
728
674
722
741
761
672
708
680
706
739
732
706
763
775
690
722
806
733
686
682
759
718
763
716
715
693
