562
613
611
556
524
567
535
551
547
548
620
599
609
515
611
559
591
613
535
516
551
614
590
593
594
582
544
590
546
581
547
543
553
577
637
621
595
578
581
600
568
592
554
716
584
563
589
549
571
608
607
583
692
600
583
555
574
640
598
617
540
606
552
570
664
623
589
610
602
547
535
608
695
615
558
577
565
598
689
588
578
622
584
607
581
620
618
629
566
611
622
557
541
615
571
646
606
611
590
557
651
575
629
584
598
627
536
635
552
556
652
641
626
577
608
608
621
665
557
645
635
594
653
623
580
615
631
615
620
618
643
601
612
612
616
735
587
630
635
572
688
589
560
665
560
647
583
607
682
574
612
612
604
626
621
557
621
597
609
657
602
642
606
631
784
579
612
656
596
656
621
631
659
617
568
693
562
576
696
643
696
574
642
643
621
600
698
577
589
658
573
605
634
636
657
608
627
662
626
633
687
643
571
689
656
614
692
591
692
606
617
597
603
631
665
566
646
605
619
623
618
608
613
688
620
584
706
622
642
634
614
618
774
633
623
646
620
607
671
618
646
734
628
613
695
636
649
697
656
630
666
610
607
711
647
576
626
641
615
624
587
590
757
674
631
659
649
611
758
607
595
676
612
648
741
679
695
644
679
619
667
726
673
628
704
614
655
762
645
612
734
642
631
663
664
609
674
735
693
587
704
623
553
709
607
656
650
657
653
697
648
690
630
719
662
633
672
666
682
676
727
633
638
688
709
626
638
740
648
647
673
558
654
664
659
673
633
648
713
666
685
761
663
708
635
646
684
713
788
698
698
610
733
707
608
786
672
606
639
645
678
660
633
854
665
752
743
674
617
723
673
619
726
623
846
699
647
714
752
710
605
715
707
685
681
691
691
640
650
716
861
613
604
674
806
612
646
683
722
663
626
753
785
620
661
661
763
608
652
643
671
679
610
712
807
633
686
707
671
749
741
658
671
728
662
625
799
674
718
749
616
671
809
640
633
629
697
689
640
753
663
718
730
667
690
738
702
668
657
644
765
659
677
657
643
733
696
661
683
689
713
707
655
708
684
713
716
663
708
747
725
785
662
640
786
699
668
769
672
682
685
799
670
656
695
781
680
668
708
686
691
825
675
708
692
730
715
749
697
692
670
731
773
670
683
694
803
728
685
707
664
687
746
750
704
680
722
698
731
738
736
713
783
785
737
724
679
751
682
785
781
727
710
712
744
780
737
717
747
723
731
734
776
801
705
731
734
694
745
760
803
693
714
718
728
781
784
792
780
724
718
719
790
755
746
731
750
713
709
743
825
716
703
685
793
750
760
758
753
705
717
720
849
777
814
701
752
705
700
732
794
757
740
716
782
719
786
758
831
712
770
759
771
802
778
819
854
734
733
747
761
772
793
799
758
745
737
748
711
759
808
795
804
748
795
738
728
752
793
783
805
807
795
815
772
737
741
765
813
850
795
764
787
727
759
776
759
821
796
788
808
753
798
755
725
714
795
812
760
821
761
815
757
751
760
749
837
795
802
807
755
807
762
737
731
799
870
814
811
812
827
807
746
787
773
811
786
819
830
797
855
848
760
772
753
769
773
764
802
799
855
848
781
772
772
780
784
802
778
813
802
854
808
848
849
855
770
810
778
784
766
798
795
807
805
823
803
835
811
772
796
744
800
764
774
801
882
816
877
834
834
799
810
815
802
769
807
796
841
803
841
821
833
836
850
851
883
889
814
883
819
870
915
875
781
809
792
778
784
813
807
757
805
816
861
883
865
822
840
861
842
885
849
787
804
791
794
832
807
792
788
820
814
916
849
913
893
874
842
847
887
865
881
842
879
837
812
832
800
815
794
813
814
783
833
814
816
825
848
815
907
851
872
860
885
851
834
948
897
839
820
813
813
789
847
807
825
839
854
869
843
867
837
866
877
857
851
864
892
872
906
886
899
833
917
953
860
832
846
888
866
884
821
870
826
810
824
781
849
791
814
915
889
857
866
924
890
910
905
894
856
878
883
918
938
886
845
920
887
910
906
895
958
893
868
873
863
872
879
855
910
875
885
885
872
865
885
885
922
885
880
908
856
913
829
833
902
813
844
834
848
821
826
849
838
851
831
828
846
820
852
843
833
886
863
855
883
823
910
883
857
844
871
887
882
885
896
928
895
872
904
911
901
876
910
870
885
904
884
891
858
829
859
951
861
917
911
832
855
867
852
881
880
956
950
921
885
885
884
828
877
892
891
888
853
893
878
890
892
857
851
878
889
856
922
867
908
878
919
887
