netns = 25
187
187
204
170
169
206
212
197
211
172
249
170
266
217
246
227
239
199
207
194
209
186
211
182
176
198
210
217
208
198
221
205
293
262
202
183
166
172
175
162
205
219
202
257
229
268
226
221
217
212
196
186
176
196
209
168
205
176
256
205
196
190
191
187
182
199
173
200
234
164
241
221
212
189
217
219
217
186
183
230
221
177
174
175
218
190
197
195
216
184
190
181
196
210
198
279
173
234
198
222
207
217
194
205
198
251
238
204
199
193
207
197
203
192
263
179
206
204
271
189
205
203
187
188
198
190
234
209
218
201
182
217
203
190
173
215
223
268
194
293
176
241
188
204
216
189
214
180
199
198
171
191
187
215
236
207
242
197
221
171
189
186
318
204
175
199
186
180
194
144
203
199
217
241
226
255
209
201
187
181
202
188
189
199
191
177
186
214
201
205
237
195
253
182
178
177
181
167
226
169
216
240
183
169
187
234
212
190
216
220
216
235
196
205
208
181
190
210
223
187
173
215
184
180
213
238
260
210
229
213
181
188
167
182
186
215
213
202
191
169
198
240
226
228
188
178
184
216
205
210
221
201
175
174
206
183
269
208
206
235
221
176
204
210
215
214
216
224
205
184
164
184
190
272
218
247
196
186
188
234
232
201
195
203
182
176
257
218
248
206
217
189
170
192
195
219
196
176
202
208
213
241
196
263
191
181
187
212
216
222
202
188
192
209
207
179
235
191
188
198
197
214
236
173
209
211
225
200
203
242
194
222
189
202
218
215
205
230
221
208
204
195
235
215
258
203
211
209
196
216
215
208
212
174
169
247
209
231
188
213
195
212
210
182
224
202
174
183
267
219
188
211
186
201
223
192
214
213
209
214
218
286
202
192
228
177
189
188
216
223
210
209
275
201
223
232
190
197
235
235
202
229
195
245
234
244
203
178
213
239
184
181
203
194
204
243
247
229
206
228
195
176
225
253
231
206
196
282
178
221
205
195
198
211
216
217
211
205
248
202
186
214
202
216
271
207
197
218
186
215
178
236
218
202
214
177
206
178
175
237
257
211
208
211
210
218
268
207
211
254
195
243
185
183
182
244
204
203
215
212
284
214
241
207
238
212
176
209
185
196
221
344
203
230
204
203
228
224
193
230
277
192
220
220
218
233
222
220
207
238
205
231
209
209
217
221
214
198
229
189
281
218
186
233
208
232
202
309
223
276
214
201
224
231
216
221
214
232
275
180
222
197
231
225
228
204
239
225
215
194
212
236
260
222
231
221
204
223
201
204
207
252
263
219
219
267
225
250
228
204
211
216
218
243
270
205
188
224
213
222
212
285
213
244
187
188
212
214
220
192
233
211
220
198
213
198
179
221
226
255
194
213
221
225
210
198
209
258
215
190
215
228
210
228
219
280
229
210
228
237
190
218
216
220
264
219
222
199
207
199
213
267
207
216
236
242
214
209
232
207
252
218
195
217
206
200
203
252
198
214
212
190
196
206
256
224
235
184
210
225
218
275
230
211
196
179
240
218
198
236
300
221
255
185
221
203
189
253
199
239
227
216
226
219
197
221
230
210
259
196
204
265
183
267
215
231
220
193
214
235
248
210
231
207
233
216
245
225
231
207
219
224
210
219
285
227
251
211
237
198
218
265
229
202
218
219
238
201
250
228
218
192
222
224
190
233
231
204
206
209
228
225
263
228
236
236
249
206
233
297
241
219
218
215
224
182
261
224
232
201
213
222
234
301
204
221
227
239
214
208
241
221
222
245
265
216
194
272
264
243
242
236
226
253
282
202
219
245
233
210
197
307
188
210
237
269
222
223
249
231
217
238
246
256
223
239
230
217
216
219
257
209
256
239
236
204
256
293
271
221
243
177
243
210
283
230
211
256
202
228
249
237
235
231
212
220
218
206
244
261
266
211
234
270
224
230
234
206
274
208
231
222
231
207
211
249
197
258
236
198
229
224
271
208
198
218
225
260
277
217
226
224
211
226
284
278
199
270
253
226
269
254
212
204
226
255
301
220
231
208
250
243
234
248
233
235
239
240
238
207
237
248
284
275
215
266
233
214
228
248
273
204
221
249
256
257
231
230
246
228
257
239
283
241
215
229
222
258
221
241
222
238
270
245
211
220
239
248
252
271
242
231
233
225
255
233
227
258
211
250
246
223
275
214
234
226
260
239
212
221
249
253
259
236
225
213
245
246
240
212
250
254
250
232
267
247
236
249
287
235
237
226
239
283
240
210
231
209
244
227
230
250
238
252
242
275
242
222
253
250
