571
616
577
518
523
586
517
582
511
603
520
560
512
533
510
521
513
551
537
535
518
572
600
566
625
586
593
590
533
585
533
548
513
565
572
564
602
567
537
550
538
539
563
536
549
541
609
615
630
664
554
555
562
558
532
582
568
551
557
627
645
579
560
569
630
620
548
582
607
617
594
578
545
630
614
581
536
590
546
557
598
561
572
555
686
642
592
539
608
565
571
581
549
617
592
535
574
585
625
621
682
580
562
569
596
538
585
618
596
532
566
652
603
619
612
577
536
548
576
579
589
605
552
566
622
630
601
620
606
596
541
670
575
629
550
621
576
551
557
591
628
607
546
542
617
571
523
606
577
545
621
641
574
582
579
585
563
583
605
645
522
583
546
619
725
559
551
553
615
611
513
600
557
599
573
556
606
578
616
608
597
595
624
565
615
574
616
559
567
643
571
625
600
625
619
550
642
589
560
564
589
613
565
597
570
609
571
492
591
593
576
593
585
562
527
638
589
604
643
563
568
595
586
591
681
580
565
621
560
607
521
618
533
624
582
626
569
636
632
606
599
598
678
628
610
605
606
572
615
578
623
584
564
616
635
625
636
592
605
642
613
614
583
660
557
629
661
561
580
608
607
635
577
646
639
610
604
580
586
620
586
574
640
599
586
621
606
615
588
620
642
598
597
631
606
579
604
649
601
622
644
589
625
577
637
574
587
575
588
598
588
653
606
577
595
636
595
610
557
534
628
637
599
588
642
584
596
608
598
654
621
601
634
602
635
580
606
624
577
557
651
594
638
618
591
566
556
618
611
603
603
555
593
623
590
622
599
560
606
607
600
654
569
577
659
623
615
614
583
659
584
588
580
520
590
726
646
556
562
616
632
675
600
631
630
704
572
718
652
652
657
627
583
645
590
635
616
603
564
609
659
603
623
656
640
716
638
557
673
576
662
664
633
625
569
703
610
571
636
683
625
589
706
613
591
654
590
604
632
604
532
612
637
633
621
660
637
655
681
650
642
584
620
609
669
605
650
642
601
605
625
618
568
584
690
568
596
640
581
559
643
604
630
613
600
649
667
591
604
623
649
600
619
609
584
590
615
674
598
563
601
604
599
625
597
571
622
573
591
583
608
570
626
604
634
612
615
682
625
583
635
610
567
615
585
619
675
656
588
593
606
610
590
605
653
634
639
642
552
602
610
631
627
658
636
612
574
557
670
610
571
612
599
583
745
633
693
629
633
626
618
563
631
602
573
667
627
657
683
648
570
684
672
640
600
594
685
622
607
621
647
692
635
665
622
594
574
700
612
564
669
681
578
603
630
674
673
612
643
658
560
660
591
571
611
675
545
611
597
655
571
593
597
613
616
628
612
656
611
629
675
663
589
645
670
587
650
641
687
648
586
650
681
602
658
645
664
644
706
670
639
664
705
609
649
645
616
684
633
642
710
598
705
631
650
643
653
633
645
669
634
594
621
608
606
633
647
651
706
622
603
610
636
605
665
582
619
703
598
591
673
686
620
624
667
636
599
594
685
740
587
656
699
655
588
611
592
661
696
681
642
682
668
658
646
666
678
689
568
647
696
632
579
669
673
652
645
625
638
620
591
587
656
620
648
585
701
606
663
645
618
636
648
574
636
689
608
623
649
619
658
669
591
686
695
686
614
640
714
615
620
647
697
611
699
601
685
679
616
634
682
620
580
612
658
646
594
628
611
594
691
569
610
651
705
660
651
634
621
630
697
632
604
657
641
618
617
643
661
692
660
661
608
678
621
609
651
605
636
651
643
629
647
726
653
666
721
721
682
624
623
587
641
716
607
621
711
692
634
635
652
594
659
582
588
628
667
744
655
621
636
682
643
591
660
588
708
647
622
631
627
702
699
612
669
609
651
696
640
621
629
704
655
625
647
636
667
646
655
603
679
742
697
646
605
662
661
706
647
617
612
652
740
633
675
662
685
640
626
722
667
696
664
676
620
631
641
686
659
647
682
622
664
662
666
605
600
768
694
674
626
675
645
698
650
680
614
663
727
724
706
623
691
623
697
627
641
685
624
760
672
664
594
621
701
679
628
635
608
646
703
707
666
675
672
688
693
723
657
674
638
725
693
689
637
628
606
625
678
649
683
649
640
688
679
703
624
698
677
745
696
681
634
628
661
663
680
677
646
647
632
692
658
653
651
643
672
689
673
638
683
621
636
708
768
651
637
650
700
745
647
663
724
638
742
744
659
672
640
698
673
699
619
695
632
638
687
723
636
642
652
701
687
672
706
686
647
612
904
718
