298
328
320
359
328
331
440
348
315
319
392
337
324
323
344
344
332
341
348
323
324
360
284
296
339
319
365
378
324
352
320
369
307
294
329
330
339
323
346
333
343
357
340
343
374
362
393
343
374
356
320
317
331
319
297
347
293
312
324
382
314
428
299
356
332
355
361
298
361
325
304
342
343
343
363
340
361
318
347
351
313
367
333
351
324
357
335
327
359
340
341
361
358
412
368
313
371
334
365
355
373
329
414
319
321
342
325
358
353
434
415
399
339
448
348
329
338
338
379
321
335
385
399
346
388
359
393
359
319
368
353
301
372
403
361
368
381
357
340
334
335
374
422
318
388
309
354
336
339
344
355
386
328
406
363
355
368
346
375
362
381
363
418
329
379
341
342
317
413
405
354
393
371
334
364
341
381
382
389
324
378
354
335
315
360
357
366
405
344
383
343
410
305
342
375
530
335
321
360
328
319
371
336
372
371
316
322
321
355
343
375
336
441
382
323
351
336
383
364
410
350
334
336
330
341
319
552
344
396
356
342
365
360
364
333
404
330
349
326
334
334
349
451
343
376
351
376
376
373
424
315
386
315
386
389
372
416
351
373
364
360
391
347
400
355
375
338
326
382
357
406
372
356
337
329
317
375
378
393
336
407
354
384
355
393
337
339
316
339
369
375
368
341
339
335
380
372
334
364
344
384
426
338
398
340
368
382
308
396
378
353
354
336
423
362
369
365
375
430
381
410
347
338
322
385
379
375
356
396
402
412
391
351
373
392
430
371
369
372
368
456
346
393
355
416
367
337
387
362
372
357
368
410
388
396
381
339
394
375
339
390
345
411
349
367
359
383
392
382
361
374
373
398
360
343
363
344
401
352
382
317
383
358
333
381
364
347
397
347
410
353
342
438
382
423
384
324
387
358
394
422
425
436
389
370
391
405
374
355
364
379
403
429
357
357
369
390
401
406
390
390
405
410
385
370
394
350
388
370
377
413
387
417
402
390
430
372
354
342
374
450
390
365
391
348
409
387
336
403
326
386
429
402
399
385
400
359
371
407
361
377
394
367
421
362
350
408
391
490
355
388
488
360
353
396
396
369
393
354
467
356
391
416
372
445
381
389
394
346
391
381
379
481
410
363
449
411
408
379
362
485
412
414
372
338
413
354
397
418
411
400
403
376
384
359
392
427
400
391
387
375
388
388
406
451
395
350
390
375
375
414
359
429
357
377
382
380
387
379
410
416
396
362
450
437
380
428
368
395
419
392
511
361
408
421
359
417
387
400
443
413
374
377
398
381
397
377
432
375
397
441
396
397
390
392
383
401
390
436
415
394
412
388
383
376
409
480
373
374
418
374
403
415
381
357
445
393
381
410
382
419
383
400
454
385
403
427
385
374
406
385
396
427
373
389
423
396
460
375
366
445
443
377
391
423
414
382
397
380
419
406
453
373
397
458
382
414
404
415
369
416
430
382
390
401
418
421
401
448
401
388
476
454
379
479
394
394
450
383
389
402
393
410
437
409
399
458
405
450
378
392
449
397
444
490
371
382
464
411
370
422
371
375
397
428
430
419
415
413
401
412
424
397
442
434
432
534
429
394
396
435
391
384
433
401
425
454
374
396
475
397
431
435
415
415
468
404
394
449
374
394
502
413
391
413
448
397
438
411
385
409
370
431
434
411
416
403
435
435
414
413
441
445
424
433
441
402
443
419
384
427
391
413
405
383
414
435
388
422
416
410
406
423
392
436
404
392
396
416
407
432
451
436
413
409
450
422
384
401
417
430
420
395
398
395
425
369
443
426
403
471
401
412
555
423
397
429
455
474
485
418
420
416
444
424
452
405
435
519
425
405
437
404
413
427
444
487
416
439
449
401
488
421
402
492
420
432
479
400
433
422
414
413
500
446
422
428
437
420
469
432
431
445
435
362
411
444
476
425
490
427
420
459
429
427
496
409
420
403
388
426
373
391
424
399
453
382
429
492
400
378
405
430
376
490
453
432
517
440
463
405
447
392
409
474
408
371
474
427
408
415
461
453
385
467
426
409
419
425
413
467
454
378
475
489
378
384
503
437
429
425
442
441
436
441
380
411
409
467
444
407
436
465
390
392
459
399
477
466
407
571
438
415
447
429
418
408
389
508
429
464
445
420
484
414
405
474
454
431
436
439
427
435
507
417
408
444
465
401
368
407
410
426
415
415
376
470
452
439
440
475
408
419
512
441
408
440
432
433
448
497
470
461
494
427
410
417
440
405
453
429
437
447
480
453
380
453
472
427
425
